# Generated with
#  from sklearn.datasets import make_circles
#  n_samples = 500
#  x, y = make_circles(n_samples, noise=0.03, random_state=42)
#  np.savetxt('two_circles.txt', np.c_[X, y], fmt="%10.5f")
  -0.75093    0.29839    1.00000
  -0.20284    0.97780    0.00000
  -0.78271    0.02455    1.00000
  -0.69380   -0.66861    0.00000
  -0.84145    0.55789    0.00000
  -0.70370   -0.37579    1.00000
  -0.78560   -0.00611    1.00000
  -0.98464    0.05695    0.00000
  -0.15786    0.96442    0.00000
   0.23086   -0.79887    1.00000
   0.97784    0.21137    0.00000
   0.19954   -1.02542    0.00000
  -0.52258   -0.59156    1.00000
  -0.55159    0.83279    0.00000
  -0.73742    0.07909    1.00000
  -0.74180   -0.26227    1.00000
   0.79099   -0.11544    1.00000
   0.73049    0.69939    0.00000
  -0.01993    0.74067    1.00000
  -0.49194   -0.57417    1.00000
   0.76383   -0.21538    1.00000
   0.81093   -0.17255    1.00000
   0.53715    0.55853    1.00000
  -0.67618    0.39340    1.00000
  -0.35163    0.90273    0.00000
   0.43572   -0.56686    1.00000
   0.75138   -0.08554    1.00000
   0.56864   -0.83433    0.00000
  -0.82954    0.62801    0.00000
  -0.43715    0.68559    1.00000
   0.65327   -0.49437    1.00000
  -0.48872    0.67256    1.00000
   0.10464   -0.78628    1.00000
  -0.35371   -0.93185    0.00000
   0.99098    0.08575    0.00000
  -0.40935    0.65544    1.00000
  -0.57272   -0.60103    1.00000
  -0.15556    0.98941    0.00000
   0.50492   -0.84377    0.00000
  -0.00698    1.02471    0.00000
  -0.73983   -0.20805    1.00000
  -0.76384    0.70976    0.00000
   0.71324   -0.26954    1.00000
  -0.08452   -1.05430    0.00000
   0.65811    0.69275    0.00000
  -0.30871    0.94848    0.00000
   1.01943    0.01608    0.00000
   0.98723    0.30695    0.00000
  -0.44485   -0.71806    1.00000
   0.82559    0.52382    0.00000
  -0.31343    1.00591    0.00000
  -0.19469   -0.97249    0.00000
  -0.99369   -0.14167    0.00000
  -0.52410   -0.60989    1.00000
   0.12363   -1.00715    0.00000
   0.16046    1.02806    0.00000
  -0.82652   -0.54011    0.00000
   0.87314    0.43007    0.00000
   0.37329   -0.92998    0.00000
  -0.41605    0.97275    0.00000
   0.76821   -0.14643    1.00000
   0.72412    0.21450    1.00000
  -0.22352    0.77082    1.00000
   0.70873   -0.37952    1.00000
  -0.44834    0.93563    0.00000
   0.55319    0.85006    0.00000
   0.28966   -0.74986    1.00000
   0.36595    0.92093    0.00000
   0.99685   -0.31046    0.00000
  -0.72597   -0.31351    1.00000
  -0.62885    0.41678    1.00000
  -0.49066    0.59215    1.00000
   0.60195    0.50545    1.00000
   0.43894    0.73281    1.00000
  -0.08070    0.80069    1.00000
   0.21749    0.79985    1.00000
   0.70020    0.39037    1.00000
  -0.18483    0.96721    0.00000
   0.31517   -0.75195    1.00000
   0.51993   -0.62415    1.00000
  -0.85029   -0.67406    0.00000
  -0.48624    0.90908    0.00000
   0.65312   -0.36094    1.00000
  -0.33788   -0.93677    0.00000
  -0.13512    0.79757    1.00000
  -0.63042    0.79459    0.00000
  -0.18576   -0.97508    0.00000
  -0.42080   -0.60290    1.00000
   0.01759    0.78632    1.00000
   0.54908    0.57648    1.00000
  -0.79882   -0.10414    1.00000
   0.66713   -0.51082    1.00000
  -0.76352    0.29935    1.00000
  -0.21419    0.78440    1.00000
  -0.17580   -0.75317    1.00000
  -0.59869    0.47650    1.00000
  -0.54232    0.76872    0.00000
  -0.23876    0.91800    0.00000
   0.05841   -0.82433    1.00000
   0.94658    0.34076    0.00000
   1.02960   -0.03219    0.00000
  -0.07625   -0.79444    1.00000
   0.84717    0.47470    0.00000
  -0.20430    0.80866    1.00000
  -0.38364    0.70353    1.00000
   0.21312    1.05814    0.00000
   0.25160    0.75820    1.00000
   0.85268   -0.52818    0.00000
  -0.37746    0.70686    1.00000
  -0.92564   -0.18094    0.00000
  -0.99165   -0.29579    0.00000
  -0.27979   -0.74639    1.00000
  -0.40467    0.67753    1.00000
   0.83208    0.56437    0.00000
   0.54771   -0.62146    1.00000
   0.58124    0.53858    1.00000
   1.01131   -0.05579    0.00000
   0.91201   -0.37072    0.00000
  -0.97105    0.18505    0.00000
   0.50052    0.83145    0.00000
   0.68215   -0.67835    0.00000
  -0.29551   -1.02184    0.00000
  -0.10961    0.74660    1.00000
  -0.68524   -0.66578    0.00000
   0.90018   -0.41017    0.00000
   0.88191   -0.48681    0.00000
  -0.43987   -0.73022    1.00000
   0.38656   -0.89988    0.00000
  -1.00002   -0.07427    0.00000
  -0.30743    0.72637    1.00000
   0.70535    0.63431    0.00000
  -0.93094    0.30140    0.00000
   0.63703   -0.54987    1.00000
   0.70813    0.42785    1.00000
  -0.98216   -0.28962    0.00000
   0.12487    1.00530    0.00000
   0.13207   -1.01805    0.00000
   0.87894    0.57525    0.00000
   0.90370    0.41853    0.00000
   0.76675    0.29482    1.00000
  -0.06139    0.94559    0.00000
   0.47029   -0.93435    0.00000
   0.75105   -0.34338    1.00000
  -0.69274    0.67227    0.00000
   0.86942    0.04213    1.00000
   0.72979    0.31788    1.00000
   0.85107    0.56571    0.00000
   0.78296   -0.65139    0.00000
   0.78967    0.21269    1.00000
  -0.21064   -0.75190    1.00000
   1.01500    0.14447    0.00000
  -0.98780    0.23803    0.00000
   0.44538    0.86609    0.00000
   0.91201    0.40962    0.00000
   0.51334   -0.62832    1.00000
  -0.66635    0.33774    1.00000
   1.00466    0.09950    0.00000
   0.62386   -0.67498    0.00000
  -0.63900   -0.51773    1.00000
   0.08340    0.92784    0.00000
  -0.99845    0.41110    0.00000
  -0.07379    0.76594    1.00000
  -0.21566   -0.76193    1.00000
   0.74556    0.69764    0.00000
   0.00433   -0.75245    1.00000
   0.62586   -0.51119    1.00000
   0.78343    0.59517    0.00000
   0.98301    0.23025    0.00000
   0.29164   -0.73225    1.00000
  -0.97745    0.43465    0.00000
   0.66562    0.77356    0.00000
  -0.59842   -0.71484    0.00000
   0.69243   -0.22993    1.00000
  -0.94465    0.23500    0.00000
  -0.94048    0.31998    0.00000
  -0.34435   -0.97146    0.00000
  -0.84937    0.02204    1.00000
  -0.13978   -0.98031    0.00000
  -0.86210   -0.48768    0.00000
  -0.81719    0.12632    1.00000
  -0.76190   -0.25544    1.00000
   0.16856   -0.99715    0.00000
  -0.58419   -0.54449    1.00000
   0.61017    0.43725    1.00000
   0.33846   -0.77295    1.00000
  -0.87832   -0.41209    0.00000
  -0.75638    0.18004    1.00000
  -0.14031    1.00099    0.00000
   0.56738   -0.85175    0.00000
  -0.47267   -0.85807    0.00000
   0.81287   -0.14117    1.00000
  -0.81330    0.00248    1.00000
  -0.65294   -0.46084    1.00000
   0.64497    0.42846    1.00000
  -0.94178    0.41855    0.00000
   0.97856   -0.06990    0.00000
  -0.86294   -0.48133    0.00000
  -0.60703    0.68863    0.00000
  -0.77517   -0.59380    0.00000
  -0.80123    0.13245    1.00000
   0.51414   -0.63837    1.00000
  -0.45224    0.86030    0.00000
   0.97867   -0.18906    0.00000
  -0.57884   -0.80037    0.00000
  -0.56848   -0.78134    0.00000
   0.31622   -0.98854    0.00000
   0.92389   -0.46668    0.00000
  -0.30193    0.85148    0.00000
   0.67010   -0.41299    1.00000
  -0.74512    0.32485    1.00000
   0.77514    0.02765    1.00000
  -0.98674    0.17877    0.00000
   0.08690    0.73319    1.00000
   0.24314    0.73567    1.00000
   0.87083    0.10474    1.00000
  -0.66676    0.34648    1.00000
  -0.65453   -0.42447    1.00000
   0.83488   -0.56908    0.00000
  -0.68041    0.42199    1.00000
   0.86943   -0.41839    0.00000
  -0.78072   -0.16150    1.00000
   0.67949    0.46782    1.00000
   0.65888    0.81504    0.00000
   0.21882   -0.95483    0.00000
  -0.90858   -0.35987    0.00000
  -0.77950    0.21546    1.00000
   0.97439   -0.11975    0.00000
   0.01133   -0.76188    1.00000
   0.48328    0.64320    1.00000
   0.09284    0.96685    0.00000
  -0.93933    0.35465    0.00000
  -0.61979    0.74601    0.00000
   0.02089   -0.79680    1.00000
   0.96482    0.19885    0.00000
  -0.72530    0.25849    1.00000
  -0.62809    0.52614    1.00000
  -0.46940    0.65994    1.00000
  -0.64683   -0.72133    0.00000
  -0.76861   -0.58398    0.00000
  -0.28363   -0.96548    0.00000
  -0.72159   -0.42704    1.00000
  -0.10469   -0.98671    0.00000
   0.21529   -0.78620    1.00000
   0.99592    0.22119    0.00000
  -0.77234   -0.14025    1.00000
  -0.76817    0.51870    0.00000
  -0.45808    0.92813    0.00000
   0.56501    0.85999    0.00000
  -0.01900    0.79588    1.00000
  -0.49948   -0.83396    0.00000
   0.57614   -0.54915    1.00000
   0.33856    0.73618    1.00000
   0.65079   -0.48989    1.00000
   0.25935   -0.99896    0.00000
   0.31276    0.68848    1.00000
  -0.40304   -0.69444    1.00000
  -0.85269   -0.53509    0.00000
  -0.79167   -0.34203    1.00000
  -0.88237   -0.57859    0.00000
   0.21224   -0.72927    1.00000
   0.45442    0.63898    1.00000
  -1.00797    0.03048    0.00000
  -0.76774    0.17032    1.00000
  -0.77200    0.66735    0.00000
  -0.86087   -0.41644    0.00000
   0.98716   -0.23191    0.00000
   0.13093   -0.76403    1.00000
  -0.75809    0.63558    0.00000
  -0.55182   -0.59228    1.00000
  -1.05573    0.06694    0.00000
  -0.10213   -1.01123    0.00000
   0.35063   -0.93895    0.00000
   1.03566   -0.11114    0.00000
   0.19060    0.70446    1.00000
   0.32557    0.78639    1.00000
  -0.63176    0.39346    1.00000
  -0.73906   -0.21987    1.00000
  -0.77693   -0.34646    1.00000
   0.56859    0.54627    1.00000
  -0.99474    0.04166    0.00000
   0.24558    0.79739    1.00000
   0.69904   -0.60581    0.00000
  -0.38311   -0.67596    1.00000
   0.71922   -0.70325    0.00000
  -0.97572   -0.10552    0.00000
  -0.34135   -0.74052    1.00000
   0.39734    0.68151    1.00000
   0.10593   -0.79537    1.00000
  -0.79114   -0.08266    1.00000
   0.35571    0.67703    1.00000
  -0.68741    0.40772    1.00000
   0.31097    0.73417    1.00000
  -0.69849   -0.42939    1.00000
  -0.52940    0.64047    1.00000
  -0.93888    0.32245    0.00000
  -0.20470   -0.94943    0.00000
   0.10732    0.79400    1.00000
  -0.07609   -0.80232    1.00000
   0.77622   -0.27187    1.00000
   0.69803   -0.37079    1.00000
  -0.28837   -0.70424    1.00000
   0.91300   -0.45937    0.00000
   0.04910    0.87305    1.00000
  -0.55362   -0.88186    0.00000
  -0.95694   -0.27304    0.00000
   0.23389   -0.94327    0.00000
   0.82523    0.18028    1.00000
   0.89541   -0.40335    0.00000
  -1.01340    0.22721    0.00000
  -1.01025    0.12440    0.00000
  -0.61999    0.48032    1.00000
   0.76681   -0.57868    0.00000
  -0.62983   -0.49909    1.00000
  -0.66426   -0.41897    1.00000
  -0.99744   -0.01933    0.00000
   0.51448    0.64229    1.00000
  -0.47795   -0.56852    1.00000
  -0.88712    0.45625    0.00000
  -0.76064    0.10218    1.00000
  -0.26635    0.74662    1.00000
  -0.99379   -0.22822    0.00000
   0.29466   -0.76635    1.00000
   0.45423    0.88908    0.00000
   0.42741   -0.65878    1.00000
  -0.07905    1.01719    0.00000
   0.58729    0.60030    1.00000
  -0.55929    0.82588    0.00000
   0.97241   -0.21756    0.00000
  -0.06743   -0.99466    0.00000
  -0.79052   -0.15408    1.00000
  -0.62099   -0.76134    0.00000
   0.91930    0.28507    0.00000
   0.66054    0.79082    0.00000
   0.77800    0.62831    0.00000
  -0.40322   -0.87552    0.00000
  -0.93097   -0.41562    0.00000
  -0.60941   -0.45931    1.00000
  -0.59142    0.63150    1.00000
   0.78004   -0.67972    0.00000
  -0.73236    0.64780    0.00000
   0.28769    0.99350    0.00000
   0.95231   -0.22238    0.00000
   0.75010   -0.29576    1.00000
  -0.81226   -0.07090    1.00000
  -0.29190   -0.98863    0.00000
   0.54934    0.82965    0.00000
   0.77558   -0.02099    1.00000
  -0.31024   -0.71150    1.00000
   0.41349   -0.81692    0.00000
   0.51845    0.58087    1.00000
   0.79120    0.04469    1.00000
  -0.48943   -0.64055    1.00000
   0.97545    0.12848    0.00000
   0.78607    0.07994    1.00000
   0.16589   -0.75412    1.00000
  -0.85362    0.59728    0.00000
   0.83687   -0.59713    0.00000
  -0.14288   -0.83335    1.00000
   0.60680   -0.80279    0.00000
  -0.40648   -0.95058    0.00000
  -0.80657    0.67626    0.00000
   0.43064    0.71841    1.00000
   0.66562   -0.74513    0.00000
   0.02799    1.00072    0.00000
   0.33560    0.92239    0.00000
   0.72916    0.70049    0.00000
   0.75878    0.33425    1.00000
  -0.32669    0.71424    1.00000
   0.33660   -0.93448    0.00000
   0.17266   -0.79004    1.00000
   0.78478    0.65410    0.00000
  -0.22198   -0.70868    1.00000
   0.88747   -0.48691    0.00000
   0.77925    0.21462    1.00000
   0.47760    0.69231    1.00000
  -0.53443   -0.80772    0.00000
  -0.18254   -0.72568    1.00000
  -0.95012   -0.27599    0.00000
   0.06314    0.98611    0.00000
  -0.91662   -0.21644    0.00000
  -0.92610   -0.08805    0.00000
   0.64822   -0.51462    1.00000
   0.99699    0.21097    0.00000
  -0.28315    0.75194    1.00000
   0.43899   -0.60530    1.00000
  -0.05238    1.09211    0.00000
   0.24195    0.73806    1.00000
   0.92636    0.30228    0.00000
  -0.69707   -0.71525    0.00000
   0.56976    0.83609    0.00000
  -0.75443   -0.05757    1.00000
   0.55578   -0.52884    1.00000
  -0.58139   -0.42926    1.00000
   0.64430   -0.75195    0.00000
   0.64381    0.48650    1.00000
  -0.03077   -0.78373    1.00000
  -0.17655   -0.82672    1.00000
  -0.48223    0.58453    1.00000
   0.92405   -0.32597    0.00000
   0.45641   -0.84064    0.00000
   0.62737   -0.77807    0.00000
   0.34754    0.65412    1.00000
   0.35545   -0.71009    1.00000
   0.77293    0.01592    1.00000
   0.81219   -0.28701    1.00000
   0.80534   -0.24917    1.00000
   0.19725    0.75590    1.00000
  -0.67343    0.42144    1.00000
   0.76201    0.41379    1.00000
   0.29063   -0.95957    0.00000
  -0.60487   -0.79527    0.00000
   0.41314    0.86256    0.00000
   0.73386   -0.75521    0.00000
  -0.64010   -0.52070    1.00000
   0.08042   -0.99457    0.00000
   0.04802    0.75777    1.00000
   0.82176    0.13125    1.00000
  -0.86119    0.41714    0.00000
   0.25772    1.00074    0.00000
  -0.71814   -0.28055    1.00000
   1.04720    0.09436    0.00000
   0.06063   -0.81044    1.00000
   0.72400   -0.36402    1.00000
   0.31410    0.92689    0.00000
  -0.30723   -0.69192    1.00000
  -0.44021    0.83117    0.00000
   0.37945   -0.88972    0.00000
   0.59294    0.76304    0.00000
   0.72571    0.25951    1.00000
  -0.20676   -0.76869    1.00000
  -0.79145    0.16660    1.00000
  -0.67821    0.76877    0.00000
  -0.47013    0.59246    1.00000
   0.62122   -0.49626    1.00000
   0.26635    0.97038    0.00000
  -0.59524    0.55601    1.00000
   0.76953    0.27995    1.00000
   0.98971   -0.19456    0.00000
   0.89157    0.34925    0.00000
  -0.03996    0.76507    1.00000
  -0.57383    0.78962    0.00000
  -0.77175   -0.25286    1.00000
   0.67909    0.41355    1.00000
  -0.48740   -0.86169    0.00000
  -0.31475    0.76265    1.00000
   0.77430   -0.13132    1.00000
  -0.94514   -0.26431    0.00000
   0.16339    0.74549    1.00000
   0.73619   -0.32455    1.00000
  -0.10386    0.72464    1.00000
   1.01647   -0.10764    0.00000
   0.20292    0.97623    0.00000
  -0.79955    0.24700    1.00000
   0.34709    0.97199    0.00000
   0.45297   -0.71408    1.00000
  -0.38174   -0.93786    0.00000
   0.07741   -0.80182    1.00000
   0.08642   -0.98954    0.00000
   0.80134   -0.02567    1.00000
  -0.02068   -0.96207    0.00000
  -0.44450   -0.88244    0.00000
   0.07634    0.97915    0.00000
   0.31449    0.93147    0.00000
  -0.55752    0.52882    1.00000
   0.99125   -0.35978    0.00000
   0.80072    0.06329    1.00000
   0.83906    0.50853    0.00000
  -0.03156    0.84670    1.00000
   0.37979   -0.68413    1.00000
  -0.62754   -0.75867    0.00000
   0.61776    0.45948    1.00000
   0.09323   -0.77652    1.00000
   0.08354   -0.97225    0.00000
  -0.76056   -0.26726    1.00000
   0.38399    0.77335    1.00000
  -0.42230   -0.64041    1.00000
  -0.58670    0.59057    1.00000
   0.80984    0.13241    1.00000
   0.09979    0.84018    1.00000
  -0.84925   -0.59902    0.00000
  -0.97133   -0.11161    0.00000
  -0.76313   -0.59084    0.00000
  -0.75322    0.32606    1.00000
  -0.82825    0.60042    0.00000
  -0.78264    0.04945    1.00000
  -0.50353    0.75957    0.00000
   0.37776   -0.72428    1.00000
  -0.36163    0.70457    1.00000
   0.57807   -0.76371    0.00000
   0.50886   -0.59849    1.00000
  -1.00800    0.07964    0.00000
   0.84992    0.00758    1.00000
   0.82026    0.42253    0.00000
   0.04384   -1.01552    0.00000
  -0.26148    1.00864    0.00000
  -0.88306    0.46713    0.00000
   0.72533    0.34610    1.00000
  -0.67171    0.54958    1.00000
  -0.09335   -0.83509    1.00000
  -0.86820    0.60879    0.00000
